4.20960285068
3.56996169654
3.82024360599
3.22749600952
4.07649602605
3.24165863459
3.15465808714
3.59731444605
3.91506016289
4.00873431903
3.6989132229
0.984099999669
6.22009667723
4.07020172261
3.53115263766
3.86413822792
5.16374330078
5.33918476402
4.9107496958
3.51021882767
3.59921833301
4.03443669485
2.21284337416
4.05653297391
2.93675094299
4.46359851847
3.53619648194
4.1540826812
4.39640453081
3.63128766622
3.09740561876
2.4908190966
4.04340853084
4.12541598855
2.65489965023
3.59930548694
4.53360117961
3.80613530341
2.40543377709
3.59979483822
4.37576518778
4.16872129596
4.60386702573
2.00488158401
2.13968328045
4.37507197439
4.37007944635
3.55089855546
3.6298582149
3.30488051018
3.8488056102
4.67951620502
3.12228728516
3.55323022871
3.10306037728
3.61428997551
4.47185775481
2.87905949534
4.19940549886
3.39346547021
3.27147100142
3.76891668632
2.97266193875
3.27368481748
3.49498824632
4.00129131253
2.10157044044
3.27832751893
3.02106013414
4.58388864306
4.742378258
4.71996181429
4.50758338537
2.61023655716
4.76144264753
3.58473173942
3.34707010617
1.3092442002
1.872389807
4.43698752189
4.41969059729
4.66063477373
3.64078065128
2.98412741865
3.13722704136
4.56207837818
3.83498039496
3.30255843752
3.54960417612
3.44009483811
3.14094196791
2.69976856044
2.70783265897
3.81745454964
4.0316159754
2.84768565507
3.96380216471
3.02176285748
4.26473639524
1.38857071835
3.55684189933
2.63223779693
3.40266361227
3.19077564263
3.35133571343
3.30745290292
4.10854240955
3.88681039918
3.49856725304
5.0721923245
4.65960615675
4.40266060646
2.31756998293
3.85792791328
4.16980754554
4.21205283437
4.88084078788
3.72593633405
3.72421910024
4.46369505434
3.59582678452
3.23756791652
4.61247016291
3.90529268841
4.77340651341
4.43778675419
4.67813276664
2.98444357811
3.2810809177
3.79481616757
2.16401414713
4.3248469468
3.3165015552
4.01326922189
2.67550234329
3.46595785521
4.30055031309
3.34050130288
3.27457309166
4.49394035909
2.89172086557
3.84643137332
4.23735185079
3.28937052802
4.50931526332
3.61665908573
3.81502784953
2.64844036007
3.99052341982
3.74095985995
6.07012832998
0
-1.51841130573
2.7694681991
2.94355729786
4.38930289833
3.88240685976
3.57130602414
4.44370652597
4.12972974906
2.67680707248
3.49576581966
2.55412136418
4.20829656971
3.30590153736
3.77930058664
3.63316382997
4.5839560034
3.26738724278
2.75995942454
1.2002031928
3.17257641705
4.28240001368
4.24436578654
4.61672502433
2.93250077494
3.38497739164
3.49105337391
4.33925588201
4.03113497369
3.5170772767
3.0625989493
4.33541856835
5.11402184408
5.07734759985
3.71636915704
2.35547572902
1.3846488142
3.85964940773
1.43536887961
4.0934071854
4.72095332828
4.28001742803
4.67626142841
3.86582124741
3.0777684243
3.42605270233
3.09399326617
2.05206351638
2.47240335883
3.98433795073
3.46216152097
3.57040748185
2.61318223651
2.7387076998
3.07709036995
3.03680390781
3.02779426683
3.23180386277
2.75116356935
2.06277397671
3.96809277717
3.75555647885
2.69749997867
2.18086851894
3.00542376731
2.98683681875
4.00074672624
4.13141459089
4.6407496188
4.99208317829
3.99415529147
4.64532915882
3.5202961937
5.11330747516
4.51391725315
3.72836166728
5.39887472145
4.08424453724
2.96591434321
3.4793913355
3.94824635992
4.38653943961
4.14321298663
5.18497687392
5.19359261982
4.21971197893
3.10733480935
6.29419220859
3.51965178259
4.31385125548
3.15456744486
3.10913667778
2.52340057324
3.91159458709
3.66170929311
3.0350583116
3.85827992163
4.30393333418
3.07403645762
1.88387282851
4.09540877699
3.89721131382
3.88721989136
4.78889989105
3.4283529688
2.00127885631
2.77501342001
3.97354219941
3.69335858379
3.40611064767
3.44155074075
1.77739523861
2.41735028476
4.49553709542
3.47504020915
2.27741978721
2.96319057627
2.83997167693
2.58839238357
3.26341320286
3.06582371635
3.25764189892
2.07169026796
3.82953442319
3.89000806446
0.695992665437
3.10026525274
3.78581994705
2.37920776489
2.15546199732
1.77572917423
2.75192299941
1.95358639272
3.32136218621
2.64171818528
2.077199828
2.78523999297
3.82601168958
3.37111457718
4.21272572291
7.05174023166
3.30787875163
3.19601005616
5.47497931162
4.11371143011
3.72069385908
0.520175615598
3.77804721766
3.59371631075
4.15632825983
4.09737399314
3.69053935663
1.85458975802
4.23715578191
3.41198221969
4.22893728345
3.29701617175
6.95036389317
4.01861924582
4.34097785849
4.95562391184
2.69820680553
3.59825552158
4.47376817073
4.28462181918
5.03980764581
4.80589029133
3.94161760389
2.80361830575
2.93210191446
3.29267859442
3.39124215228
3.71359887644
3.26862080363
2.71244429529
4.00082935835
2.35948381129
1.88557415287
3.40044735704
2.88469487735
3.98167933072
2.09800337953
1.83263761579
3.39156458232
2.68095617962
4.33010529881
4.86656479717
3.16451019111
4.31692990351
3.29697757578
3.52411752571
4.15411953865
2.49078088931
4.25446160288
4.92259842759
4.35652745995
1.70577499765
3.13486395688
4.09942650355
2.18345268109
4.39817289823
3.33649458533
4.49049286236
2.6396012091
3.62556377223
5.01964071879
5.71913672729
4.09909698614
3.98848289872
3.87283334239
2.09141638642
1.42255177562
3.69371894898
3.66046870604
3.187125982
3.52372387302
1.73186575886
2.76769732361
2.73892192507
1.59947709744
2.49906881475
3.38372070748
2.14598985188
4.35663296489
2.00552843051
2.91790146562
3.50592953977
4.14856592179
4.66247603923
2.38784146639
5.31813703758
3.3655559691
3.64753869898
3.59311698639
3.32512431273
3.46412050825
4.05085736187
4.32568876148
3.9553897857
3.58978855343
3.02914791046
3.99543978205
3.73766202451
3.04321292373
4.1389018366
2.95576927312
4.00018280773
3.04228967538
3.05152871561
4.73047378062
4.5585651614
2.84214776362
4.24499428055
3.85270231525
2.65989777996
3.65977617164
2.65522891087
3.71567343823
4.12446040908
3.18772495913
2.56256193082
4.71204588865
2.82037606842
3.84835518336
2.56116235898
4.44497518493
1.99277139011
4.51593783018
1.10062212812
3.39069552071
2.68630541803
1.96581913361
4.30311716022
2.52308398308
1.89395357935
5.13843557054
4.39265695403
0.926037929753
2.92668014461
5.58627497832
3.31662651989
3.73472018732
5.28179846772
5.77508559725
3.1879201783
4.85174830833
3.18384911301
4.07491422748
3.07474225015
4.01861783497
5.08634670043
4.33875008474
2.8943379323
4.86172380691
3.47228474504
4.16090226648
3.39991879088
4.26101148323
4.2554374646
4.62873553162
5.01386622887
2.88657744191
2.97236451392
4.82550160968
3.72248387847
3.77804350968
2.93241288314
2.63822113856
2.49228617773
4.17878059193
1.82343260433
3.4413480138
3.66887484199
3.92728047402
4.26768559278
3.53668383956
4.62568020549
4.15805454318
2.64698369836
2.43448146096
4.13014356318
3.79244287672
3.11498370677
3.95359119221
2.1531381122
4.20017348784
3.40425386001
3.13637861511
2.0814797377
3.11137563566
2.20159775927
2.84294138933
3.05068380358
4.91523042682
4.53843467471
4.68086676785
1.80582392956
1.39006125928
3.82287395977
3.58088574158
3.11118881538
3.41569065795
2.42824584126
1.6939651977
1.66051325607
3.17733180163
3.39043224239
3.94316185451
3.80548780475
3.98809688935
3.49613618827
3.64355496281
3.91607896653
3.33371849561
1.66674816561
4.58198926907
5.22040678812
2.28585049523
3.62726730557
4.60974250141
3.51809638902
4.43934149079
4.57279602897
2.23350108842
4.39093558334
4.21849665665
4.44456279845
2.81715085539
3.31759039938
4.06819865927
4.46024301406
4.12520153043
2.87862151584
4.55296441242
4.90845614902
3.03159527972
3.96148972216
2.2874344648
2.62668020544
3.40417730687
4.85405968147
4.90930642923
3.22465349187
3.08143434343
3.21491471128
3.69602873533
3.17471790395
3.59911724862
4.72179973292
2.24672849798
4.51054890068
3.19347569221
3.78906909305
3.98140603713
2.47710534627
4.52070147008
4.58900313835
3.84887453974
3.87053170827
3.0502981697
3.34019111872
2.42032040596
3.93002662513
4.5530590466
4.47596465234
3.96039183174
4.54167471088
2.72377816505
2.73950517218
3.04152527463
2.15524473953
2.68963599764
3.97037417074
2.74344157623
3.66018195463
2.35416016901
4.11599596162
3.1648059368
4.2426609523
3.86362914291
4.52268770303
3.74030798614
4.03265751353
4.91292070319
4.18499668597
3.7782856158
3.49537699197
2.88946195946
3.25300858602
3.0068492795
3.43317544561
4.22549147081
3.60065479684
3.21265571434
3.61612918252
3.51606073693
3.26940382828
4.50852527987
4.6272561174
4.57399190687
4.22393408284
4.9937113853
5.82204668087
4.59051211219
5.99159093821
3.57006125808
4.03525572199
2.23984534913
3.79187128814
2.90622468918
2.20713296819
3.7850703054
4.3222354557
2.03153595616
4.86536704747
5.70370154899
6.06824879278
5.37953842774
5.51549276085
1.80821677147
3.13067995087
6.49308560252
4.77167288478
3.6883778617
3.86569211362
3.10183041666
3.72882345708
3.63110823179
2.17604067498
4.27772677277
4.55116998865
4.37339910041
3.51867812277
2.19695844702
4.24290437729
4.170639809
2.92059908963
3.50382912796
1.51305030377
5.75814317329
3.75055887431
4.41487876419
4.82360158432
3.35764047759
2.69210623561
2.399019881
3.12262576159
2.41399956621
3.0913851371
2.93448428072
3.88078287554
2.88134314748
3.30141984045
6.15224839825
3.36322300841
2.42327040927
2.52365728516
2.55632096147
2.289865897
2.53476866315
2.74803193753
3.74638436063
2.64414036562
3.04951291301
3.16003631176
2.60520664679
2.0217781374
3.69628817343
3.41155365558
3.07740342535
0.2456606655
3.24683860751
2.57906444858
2.98470845007
3.73669126356
1.46657781825
2.2695145518
3.83704196137
3.37442078575
3.03303563832
3.07924227966
3.77013905275
3.16383346787
3.61646733764
3.26800414404
4.17041391479
2.31575716496
2.53377968721
2.66791794878
4.74861761574
2.37613566922
2.57871327116
4.8121189876
2.4983075591
4.48485591218
3.95850879627
3.64107178536
2.98695325804
3.80216040969
3.33745799106
4.42272486563
3.02599008504
2.37606617656
4.30297750689
1.24437978399
-0.77382261082
4.12278859684
4.30793293348
4.72149439481
4.47799998067
4.02173245656
3.27852037634
4.02653785719
2.79829302251
2.60203283074
4.65674418094
3.07881904899
3.01690962465
2.48568711342
4.24413787963
3.55676170078
3.51894743241
5.00936767982
3.65746096489
3.26737648435
2.89654901986
3.71481329839
3.74439222219
4.17621370304
3.98128881959
3.32555897914
1.93932340447
0.837224616382
2.68630354064
4.39959110153
7.14073942757
4.57688491553
5.63333926717
3.51143995122
4.58288066389
3.97348061038
3.6072793542
3.93503503398
2.72522963265
2.9756227674
3.48062201551
3.98722712415
3.89517746461
3.75908545753
4.02350758625
4.76012255307
2.70575475009
3.77096799962
2.98381635557
3.8522162603
1.85919183407
3.22364963584
3.77728204269
3.70789658556
3.10662424885
3.86963183556
4.45296793579
4.2183709697
3.2958858668
3.89343650305
3.64511775874
3.98740142759
4.10791467896
4.36108813724
3.6865891334
3.54877160542
4.77024629557
2.33606481546
4.06515947527
2.87046367358
3.47591298095
3.87613171231
3.78705263228
3.31427681596
3.91943830728
3.39118855663
2.29592426374
3.46834050145
4.66154768788
4.29701326674
3.46838225511
3.19456835071
2.53556931064
4.33750540542
5.04319103765
3.22024535242
4.81465308675
4.3357098979
4.07213223597
3.94388084751
4.63465490289
4.28502074081
2.58387905285
2.63480913226
4.41074217405
4.05735522661
3.9190657546
4.94983126198
3.80639856118
4.61175998505
1.47944401141
3.35705256512
2.95692195768
1.19904495649
2.62765643956
3.05276952944
2.77270475482
2.56895695542
2.93292437939
3.83867482528
2.03999997951
3.24208756969
4.38486333064
4.62067171309
3.84736646955
4.65180754936
3.4557373373
5.0487491746
3.67099908161
2.51322688119
4.33565938606
3.52513058986
3.4295885914
3.74643893912
4.65018399805
2.82487707051
3.80363953328
3.7026429547
4.1490698568
2.91030586158
3.69119266717
2.74237233262
4.10974494489
3.37369861151
3.76216380674
4.63016980156
4.26216196012
4.029605371
3.41068665679
3.85538647662
3.9121477917
4.44819049123
4.9290123881
2.05932195225
2.53203068874
2.22739329753
2.84000203863
5.00869922096
4.10635467841
2.4275626591
3.80576021725
2.93115306354
3.09869954788
3.18514265883
2.44577511708
3.86359602848
4.58928791392
3.54524026202
3.66527160528
4.44819009887
3.81096433895
4.50251957941
2.67284925686
2.73228848026
3.25587526673
2.11184879517
3.14160779024
2.05952956381
3.338658589
4.81980482093
5.46216240531
4.20741075129
1.19914580602
3.50160788837
3.11256038485
3.31949924937
4.23215073441
1.3542476385
3.92986870304
4.89136990661
4.19862540617
3.61972606069
4.144766497
3.45956883634
2.99188496145
4.2882963894
2.48012032408
1.12065137066
2.89229548404
2.31601692249
3.70882048192
4.13797732559
3.95613484966
3.93159393879
2.01276996869
3.63741932487
5.62067766461
4.68569517374
2.43198807359
3.86514830056
3.95426092878
2.56146628466
5.00954760577
3.68287137606
5.10382609322
4.15876464481
4.18551278407
2.09422649171
4.12546487082
4.05478069072
4.71588525121
4.40960743764
4.66459617315
4.78706883179
3.38667317152
4.74221746758
2.98677415283
4.36279425855
4.11794702285
1.6165320406
3.66865618135
5.20392166128
2.1256328398
2.48219640301
3.20112209231
2.95218077417
4.09687299809
2.65321641528
3.96335438346
3.17061897375
2.54604322856
6.6638391933
3.7028267457
2.28561716414
4.2982827486
4.19007333306
4.79068146856
4.24887846339
2.12852742732
1.05301515553
4.28568520799
3.43369831299
3.06864229291
3.35465354598
3.80170085851
2.71529636355
2.67153947076
2.98922315146
4.23747083164
3.45046053682
3.55388866923
3.88718227288
3.56464590647
3.71043469689
3.34036790006
3.89053670127
2.01417504097
2.99032063664
3.20419182102
3.65270761082
2.60191509319
2.67777973681
3.7182149645
2.74501218298
3.20733466359
3.31309742247
3.44758233769
3.05632230634
3.43626921575
2.6650183829
3.22546716097
2.32445454454
2.64260958174
4.57174603067
6.21632796976
3.71368024247
3.89698692135
4.94433093514
4.5936671554
1.7659084993
3.20191998132
4.64709210383
3.81246396497
4.37622020739
4.44121917797
2.28054749278
3.4590006455
3.62641244534
4.44940907327
4.12266095502
2.99222151218
3.17597393093
3.82722513541
3.39903048889
3.20662367571
1.50945652687
3.39233454413
3.02660019166
4.09178567043
3.91320336806
4.67572573405
3.51402534845
3.73915129303
4.43671417617
4.03381444244
4.82931783553
5.03830448673
2.86673184232
2.08721402434
3.49353502189
3.97521623931
4.56691249938
4.42111604028
4.24785679752
3.4512192244
3.12356181024
4.0625148817
3.98390948538
4.99047980279
3.27557994068
4.28162741981
5.13003586653
3.12710446397
3.81384229299
3.21369402339
3.85288117894
3.79907936043
3.84614144601
3.51797838817
4.14166997915
4.69830460378
3.27770010559
2.55415794876
4.40354813589
2.81296996066
4.81163530231
3.95258488044
4.09372581516
2.66494628033
3.30486802814
4.42513623116
4.62197474566
4.02493926881
4.30526181848
5.2443095474
4.33024866734
5.07749950729
3.14559215329
4.09754867568
4.15192999878
3.71060581705
2.98619865323
3.48849180813
3.93969912593
4.07789863678
1.90174690732
1.90006878862
4.83859621844
3.83318191403
4.67430202325
2.26711028668
3.26955791255
3.5394296166
4.21276249807
4.39304360322
4.29075967792
3.35149830792
3.66270345327
4.05231704329
4.10492805605
3.79540231913
3.84669837548
3.85199641522
3.44590517951
3.9941028853
4.24444939634
3.50974522766
4.30106617093
3.92239281375
2.14460650068
3.36322789466
3.455870861
3.84573650985
3.21823918952
4.00438642422
3.72672837811
2.75260188052
3.7287795943
3.81625045613
3.60524302011
3.97113990412
3.18141966247
4.1234216409
3.30046363842
3.85068642543
4.38404615175
4.56883669508
5.00592264162
3.15034091647
4.94402618164
3.46826319645
3.76118597526
3.64648727782
4.1618187376
4.32099572922
4.50002416583
3.44443412479
4.16365630109
5.00102476073
3.39228275937
5.09446898688
3.85178796365
4.0198471481
4.08248561706
4.81754479838
3.37108512765
4.58048668269
0
-1.19932863682
3.90969163774
2.18880780197
3.36954979069
3.69788481533
3.85850701421
3.56172305704
3.34751172325
3.49435621747
3.29246817022
3.3708997885
3.95355922692
4.60957297241
4.65305163187
4.45282385623
3.90564480958
2.5395826487
4.40679045723
2.87533126729
3.43580156172
2.888658776
2.92164385696
1.79525652454
2.47801522711
3.96521810436
2.88660249662
3.05991421729
4.47376313303
3.26726965148
4.09360468297
2.34760368909
3.44236871652
4.07598348922
4.1059054054
2.82429853655
4.13017300814
2.70083200992
2.67707761393
3.41148834516
2.68474659065
3.83803878544
3.10419611965
3.11985864228
3.64839392412
1.55925542864
3.35273198616
1.98445696788
1.30554967665
3.8188376259
3.28208819216
3.92119972589
2.08206324619
3.61111685756
3.0019860689
3.5707044543
3.581109897
4.61766239738
4.71717754719
3.08318620894
4.34900941078
2.92942839985
3.73822335462
3.89899489023
4.19580471333
3.4319139978
3.17428422542
3.1835370227
3.86564812373
3.58095957945
3.62624506242
3.25956207335
3.46305651665
3.26041258736
3.52033981401
3.04325395841
4.15148428952
3.90779544741
3.84565070125
3.35438972275
3.17459102693
2.92388700793
2.84520104445
3.4760550284
3.18414313672
4.50797655188
3.81843542772
4.81887866889
4.03031186891
4.18337523959
3.95668987383
2.88140606666
4.30479204013
3.89658657263
4.36211837431
-0.271605998513
4.19630794535
0.0514591902148
4.99591366841
2.30249461403
3.2273727244
3.85940122367
4.49097652176
3.44724989104
2.89808384042
2.93407705858
0.487341337306
2.27578399439
0.557092762487
4.39320754129
3.00225959466
4.03020176369
2.20161941658
4.55698755992
4.47153132929
4.56351197544
3.64107545754
5.08479905918
3.5843288315
2.2734551198
3.69338268795
3.38886965042
3.6983625135
4.30861460261
3.6778807579
4.84484658485
4.44203528476
3.2003399408
2.31065607607
3.23827819761
3.02319485383
2.28608118997
0.869900865052
5.32271790694
3.53486709229
4.1503319175
4.90697963649
3.2918250031
4.30888797683
2.25351645321
2.68258792171
3.67100314604
3.56231319476
1.92833304509
2.62623575499
3.05948993603
3.30646366727
4.6871768127
3.91301722398
2.56968401993
4.16418000272
4.06135888351
2.91198053003
2.09564641644
3.41333125915
2.50462835385
2.37410630203
4.13997572134
4.30320484141
4.41832508626
3.55368417512
2.17375926105
2.77336329938
3.15618385645
3.29293312857
1.71382496184
4.04605769464
4.93536119163
4.67080323295
4.28539405218
4.06349213674
3.59243233065
3.48554227674
4.49823146629
4.65795324927
4.19166458794
3.20598006859
3.77355608514
4.09295427798
4.26363203609
3.29409638887
3.24980435624
3.79031616717
4.09824426485
2.42280453603
3.86874259262
4.05677093858
2.3822625875
3.54813736235
3.64873363998
3.92302600986
4.20087059197
3.02748313913
2.81654158291
4.28818924439
3.41773104282
4.05850512363
3.37545910851
3.66691133445
4.19527171952
2.95356859294
3.90610639465
2.9569555601
2.9973368922
1.88130866337
4.01373525787
2.52630105594
4.7998539023
0.747711046915
2.36139770887
3.06236978428
3.08425596402
2.76449026049
1.37571581821
1.68183559928
2.55828217695
3.09992266472
0.586277666555
4.26356808976
4.51350193197
4.92322228897
2.39255325929
3.07850422125
4.19454524402
3.98434409302
4.21497084259
3.28770566736
3.85554366722
3.17840138166
3.78892210146
3.81865500312
3.48993539561
0.316114991497
2.01373932132
4.54592389989
3.2537113821
4.03978117104
3.95985870525
2.96281514238
3.89498940631
3.25303951482
3.47239570431
3.37601124295
3.26262051129
2.00578878691
3.82463202972
4.12934793035
1.52113634992
3.31188800815
3.05703288864
2.09461114619
3.48993452949
4.39628354015
2.84832974555
3.88457819062
3.94893653816
4.29622757801
4.04821794319
4.66035390015
3.4640903786
4.42550256249
4.39689364673
2.89075843514
3.70502105065
4.1406339569
4.63755319957
4.0524756645
5.29823056979
4.66697670999
4.76342329914
4.81919113551
3.54383735119
4.24105852502
2.54492686409
5.43449687376
4.08383339378
3.83078263053
2.74144198717
3.13499699826
3.45104860236
2.52024374041
3.13557744214
3.87720974672
3.54489887053
4.60547526386
0.399175753369
4.82418839918
4.50225063974
4.56861653197
4.60222272332
3.92559976694
4.42305101514
3.49314101858
2.67369720998
3.201400483
1.58308197079
4.025713432
2.50853872561
3.78617208613
4.09323654483
3.22864115129
3.83186875365
3.93985358557
3.06645040095
3.71348820341
4.67186036174
3.13670922137
3.94525875443
3.87808747871
4.5564202391
3.67041281016
3.74718940722
3.65956953596
2.69660768581
3.90212984494
3.43570195889
4.31077536
3.55797714367
3.56204024718
4.01174827197
3.44552541892
4.15548472988
3.38303006937
4.53265068458
3.9998036336
4.17614488562
3.82211533035
3.96626748185
3.52811876201
3.93686380442
5.20192307042
3.23203500356
3.90445719277
2.49573587877
3.8626768801
2.81621828187
3.16947301973
3.35342698382
3.79256924492
3.81391615499
4.24460831609
4.23181081517
3.85225077072
2.13310559072
3.01106724007
3.6845846688
3.4499622109
4.84268538038
3.30294448735
3.03356033627
3.65359526054
3.85956962555
3.892368191
3.53679255028
2.77758797549
3.47862782065
2.17806674512
4.23913452356
3.09290264704
2.63796048191
2.89079009019
2.20840364442
4.93143169808
3.0122256333
4.58933889288
3.4103345537
4.09808449224
3.26753155593
4.42846805824
1.76357705415
4.19765398061
3.5300690763
2.66318200325
1.71044110682
2.3049970824
4.49952829134
2.98875188195
2.0258069613
1.81865568016
4.40389153566
5.20772628678
3.16276133376
3.7730500386
2.9667174832
2.04838964135
3.95960103878
3.94654382792
2.60750584344
3.08947452338
3.49474771098
4.05447989407
3.57559454188
4.12683851828
4.51011033034
4.02792486375
3.28661498409
2.7728387458
4.14256766126
3.67040903963
3.40302280548
1.76298767744
3.46407745326
3.64972439675
1.27490409697
2.88308422383
1.84734539247
2.76533256506
2.35353798701
5.07483204017
4.74831645923
3.21239264998
2.57352162073
4.56208447491
3.76197484355
3.05682197207
2.41945771593
4.11098145801
3.69108759993
4.14862217083
3.55532933093
3.83354802264
4.18803295054
4.99211125783
2.99266577164
4.29942245588
3.5313902778
3.81545242515
4.0027625654
3.01045683672
3.94929032155
2.78276429841
4.52650045884
4.61298065814
4.73119265105
4.87146601341
3.58556345278
3.90589350002
4.69995435775
2.97965064595
3.57849201276
2.6936621075
4.06429251425
4.76379544022
3.83166133776
3.70193093067
2.79948106398
2.80821941344
3.70169198693
3.90814086145
3.33958944006
4.61647248071
4.82322627704
3.55464132725
2.95604217206
3.20119985278
4.11964037103
2.72263080209
3.91879130315
5.15604119789
3.66274298128
3.80315383574
3.07437169137
4.40220135596
4.52354854291
3.94992069501
3.35777625032
4.41508294828
4.55981182449
1.49480616291
4.2748058074
5.17659568458
2.54807426317
2.40877920795
3.73697384488
3.68509298325
3.63967348534
4.51416777372
4.80207545255
1.56966368807
4.39753057172
3.43845312877
2.7591811944
5.12581913851
1.13818415565
2.55974940616
3.48437604975
3.91871787723
3.9405132513
3.58543363716
3.64411996899
2.69349503536
3.69978178442
3.21418040714
1.79198743921
3.83747847029
3.78904965147
3.95590373958
4.00457942099
2.88692222576
3.20218867748
1.43163211092
4.45213814735
4.60262679397
4.42350252943
3.49161394604
4.51365909808
4.50331558003
3.17973820847
3.79756065692
4.08205189253
4.38802678426
3.75226303372
3.99027375279
4.00536507802
4.51819117792
3.73877704766
4.26446123197
3.60319187013
3.91421486147
3.06166220821
3.10640794975
3.76304799134
2.7808921537
3.66037064412
3.49214940929
4.20963555826
3.43059569638
3.52924516879
3.49784790172
3.35378058375
4.13355357121
2.02208412912
3.51453354745
3.71792178327
3.06551267204
2.89708896807
0.0583615069582
1.47706814655
4.79077975047
4.07023665015
5.8836344648
2.88518639444
4.30713268043
3.44326420018
4.71920659236
2.84278915766
2.69039837882
2.70416092388
3.75218811862
3.15546286353
3.03732198421
3.13655023788
3.14694649099
3.7645646625
3.89511926653
3.50706514611
3.63754562286
3.61096360936
0.985627599671
2.36217903771
3.5486239943
3.65102700174
1.60193639768
4.66649397154
3.73646137907
1.83337569644
2.62327912874
3.1703004231
2.89556192062
2.89069514465
2.59362209388
3.60887699447
5.02405855748
2.29070787389
3.24847799359
4.81228864884
2.81837780276
5.13011560467
3.54592289508
2.78724799713
2.8631857083
4.3057370009
4.66139447293
3.60711729488
3.67074011686
2.6605416209
3.43444294499
3.64993792242
3.24688936389
3.20295141249
2.49766946792
3.1568760845
4.22899586656
4.39481160193
3.56558951219
3.469008662
5.49373038527
3.28983350801
4.71406841405
5.13768125494
3.586577765
3.34259430231
2.77749718491
4.55828790068
4.30192593422
4.71214263007
2.89763417888
4.28985747411
4.09381512095
4.8721645707
3.30017103924
4.04770989203
1.98931519976
3.42680625559
4.36680749468
3.01944455619
6.10961928559
4.02223098783
2.55964755961
2.99553579223
4.09962288312
3.03233482137
3.77024493755
3.22581778381
3.0176892479
3.62535034127
2.76290935671
3.84839552796
4.42984785534
5.64484140334
3.30580936644
2.95604053035
2.42001948072
4.7225022438
4.49424652391
3.16112348764
2.96086580449
3.32223881015
2.77270291298
4.00851611062
3.90993985578
2.55359393395
2.86540179245
3.9361922546
2.99398745667
1.82911401633
2.33853204774
1.32888670232
2.74106428787
4.60686654051
1.2874818065
3.31954424834
3.01379529268
3.86590636915
1.87776637135
3.18825779053
2.50117508601
3.24822392951
1.67134843142
3.12361976663
2.4984455032
2.61448548233
2.3707427026
3.39464213799
2.97078264809
4.1726034007
4.93417880184
4.48215670319
4.06319504372
3.75089479662
5.38436652653
3.62452451123
2.92203653194
4.92326946208
2.71325341724
3.66068664306
3.37519091804
3.8702535071
2.89793131973
2.98118965514
3.12890798271
2.70811198766
2.27684663016
3.02591714094
1.78597238298
3.5160682483
2.65278287968
3.26461574237
3.91844175204
4.20420548392
3.57559827805
3.7902606737
3.52610074506
3.53866549516
4.0580424279
4.00084548578
3.51117394007
2.72298267366
4.01953197099
4.60441819703
3.8197120401
3.39428992117
4.12468706247
4.62794788307
3.38870087147
3.08057240167
2.76833695315
3.69108380981
1.65885367831
2.12453784653
3.19454155378
3.19936463933
1.86622600775
2.69741517648
2.75538455594
2.75814812355
3.27922904786
3.68903601277
3.28938328964
4.22038741346
4.42556809479
3.43820346488
4.36564289599
3.23241051083
0.704305499694
3.42773069987
3.88629347736
3.90068418309
3.99177947585
3.62305288335
4.75314173607
4.68093911599
3.04003867559
2.88688669837
4.11122004403
4.03133258627
2.59556138903
3.42316587021
2.64869210684
2.6560865861
4.02976055067
3.64551951054
2.65786877326
3.00148666562
3.07021021136
3.40811267834
3.98023196976
3.52782256761
3.24943352811
4.03727713024
3.33041633946
2.91160068826
3.84947169682
3.6393359308
4.62032962417
4.33073236088
4.17021077471
4.58637544401
3.82401320137
4.29423893609
4.28176727919
2.69133123592
3.89145791217
3.8122634561
3.41771159158
3.40755271239
2.19246830054
4.10801497955
2.80215391851
2.61128057487
3.16667993839
3.87038724172
3.33312411853
3.00256855596
2.81570911726
4.66503153247
3.59677658931
2.24817700788
3.55126339569
3.22002511527
4.85473316313
1.01827081251
4.93993048004
4.11317794483
4.46183550841
2.29576657474
4.03515686894
3.43451531461
0.142694213734
2.85298027524
2.57746418861
2.82076425513
1.82737737797
1.81751275998
2.29008996375
0.605337722973
3.36224200463
2.21458974102
1.68430712874
4.59504512801
5.02767505623
4.23848610746
2.80999542265
3.0458705692
2.27134688542
2.75146263736
2.66117789124
3.62762650246
1.91437370699
1.15124236288
1.91862391516
2.56347283843
4.07338507268
3.91851842326
2.84401045126
2.24471091839
4.15990979116
1.92894605929
3.52296064837
3.32983972707
2.16864451047
2.01517581314
2.67760960697
4.59026002815
2.35256847977
3.22767038278
4.10336258119
3.59820078964
2.63597502379
2.17209635926
2.72352159135
2.06685214178
3.7077650033
2.1389310213
4.04816607037
4.19954424866
3.74140814887
3.38335742115
1.43858700388
2.07395616961
2.896435124
2.44546623345
4.14120695816
2.52737687408
2.17389352298
2.39903178637
0
-2.65062764468
4.2931162756
1.76530735783
0.981981007632
3.56490296066
3.77765142514
3.73493974905
3.2490545787
2.82634015454
3.82501779217
3.35519699865
2.97253230891
4.37988136227
3.43194402626
3.82466528539
3.22666586327
2.81533860985
3.98255944951
4.41102228997
1.95248405963
4.48809320276
3.38957727703
3.56112618962
3.04932963408
2.94622134913
3.39249282527
4.25974102089
2.65558607206
4.30565190688
3.96460466864
2.32751702696
4.51017024249
3.39617125846
5.51705809347
3.64707200342
3.90345369325
3.32073735826
4.60009428957
3.76364689496
3.76053943368
3.63314843303
4.4195292207
3.34098476827
4.5453047196
3.92728709695
3.31420666173
4.37919274711
4.2004901731
2.7842563276
3.90309069131
3.45900259031
3.60123013471
4.36779656761
4.55508645202
3.35821781834
4.55393515199
4.41206620724
4.77165698303
4.28066602649
1.64660483524
3.64676208438
3.60269845774
4.15911731852
2.63295834896
3.79875413657
4.70298255944
2.82890334275
3.72018925555
3.00594146214
2.84714272949
2.54550174736
3.54401285872
4.26159262753
2.9313160981
4.95134209092
4.03791452854
4.09602384204
2.36907904638
3.38259541185
1.43835027661
3.5032845977
1.46283067677
3.32790482008
2.14955398766
4.12499894135
1.81164262489
3.17146438796
3.2662843484
2.35171881086
3.90511909814
5.11320313695
4.42272524352
5.01353121168
3.75924066482
3.96107750596
4.88571080159
2.06004527336
4.15623202004
4.67730333187
4.24794173743
5.58402220154
3.3665977283
4.35436346256
3.64306009995
2.99092559106
3.48868375841
3.39877158716
2.59456458224
2.94235288562
3.35670477815
3.25653302187
3.93622935214
3.61480392883
3.12826420756
4.1673072509
3.68703663345
2.82322525828
4.01595381403
4.15592720112
3.80116311749
4.28920013842
2.76513550921
3.88892545404
4.39972668286
2.4243484924
4.28030634173
2.73102632429
2.85140519692
3.37189410787
3.09230414582
3.22672084519
1.46284351259
3.08636543264
3.52727204934
3.68984573453
2.5620349451
5.00902109191
3.9256429158
3.75144642429
4.51249568721
3.59437074551
3.73747609377
2.61716461522
2.8584815596
2.24274836464
3.32965992178
2.9037959069
3.8931563911
2.91249821274
3.80482878951
3.30144605233
3.7325157305
2.99364194682
3.24127900135
3.74218000116
3.96251516171
4.56692088723
3.75708566531
2.37492552444
3.90504293678
3.70188939232
4.94779502717
4.34143246791
4.08948772422
5.36001399713
3.01395774753
3.76018359006
3.61867979472
2.79356398497
6.26866510859
2.99945646404
3.04262123475
4.72701445728
1.29386432481
2.34204911108
4.67404511032
4.28214217229
4.19723580397
3.70591406666
4.00705120765
4.14875964358
1.9151228615
1.86806661858
3.48919506102
1.73078036535
3.71590441052
1.94720842461
3.25520221412
3.7250225709
3.27047293509
2.19180143133
3.02071557315
4.1243474016
1.44335790884
